GenderCode,(All),,,
,,,,
Count of FirstName,Column Labels,,,
Row Labels,high,low,medium,Grand Total
BPC,71,80,152,303
CCDR,70,89,141,300
EW,64,78,160,302
MSC,62,76,158,296
NEL,73,73,158,304
PL,82,68,151,301
PYZ,68,85,146,299
SVG,70,78,156,304
TNS,62,75,160,297
WBL,67,79,148,294
Grand Total,689,781,1530,3000
